w = [-0.447213595, 0.894427191];
b = -1.118033989;
x=[2;2.2]
w*x+b

w = [-1.9, 3.64];
w = [-0.46273, 0.8865];
b = -4.31;
b=-1.049672;
w*x+b


